import numpy as np
import torch

import array2latex

m = 50
n = 11
r = 0.02

Dpmarf = torch.tensor([[-4.7287e-05, -7.2128e-05, -8.6696e-05, -1.0002e-04, -8.1921e-05,
                        -5.8179e-05, -2.5410e-05, -1.2601e-05, -3.4000e-06, -4.9818e-07,
                        -3.6268e-07],
                       [-4.7489e-03, -6.7283e-03, -7.3129e-03, -6.7130e-03, -5.1802e-03,
                        -3.2853e-03, -1.6838e-03, -7.8657e-04, -2.7086e-04, -8.0702e-05,
                        -1.7849e-05],
                       [-3.0833e-02, -3.8451e-02, -3.7723e-02, -2.9190e-02, -1.8015e-02,
                        -8.8547e-03, -3.4753e-03, -1.1114e-03, -3.4550e-04, -7.3813e-05,
                        -8.7365e-06],
                       [-8.3343e-02, -8.1857e-02, -5.7885e-02, -3.0942e-02, -1.2755e-02,
                        -4.2537e-03, -1.0564e-03, -2.1742e-04, -3.5709e-05, -7.7242e-06,
                        -8.4725e-08],
                       [-5.6320e-02, -3.9480e-02, -1.5009e-02, -4.0483e-03, -7.7223e-04,
                        -1.3897e-04, -1.5762e-05, -6.1259e-07, -2.1995e-07, -0.0000e+00,
                        -0.0000e+00],
                       [-5.6966e-03, -9.5352e-03, -1.3391e-02, -1.5330e-02, -1.4594e-02,
                        -1.2345e-02, -8.0544e-03, -4.1396e-03, -2.2861e-03, -8.3334e-04,
                        -2.8535e-04],
                       [-1.7813e-01, -2.8863e-01, -3.7841e-01, -4.1065e-01, -3.6748e-01,
                        -2.7236e-01, -1.6275e-01, -7.9874e-02, -3.3662e-02, -1.1390e-02,
                        -3.1361e-03],
                       [-6.3045e-01, -9.7537e-01, -1.1956e+00, -1.1552e+00, -8.8298e-01,
                        -5.3254e-01, -2.6124e-01, -1.0361e-01, -3.4798e-02, -9.2022e-03,
                        -1.9217e-03],
                       [-1.2428e+00, -1.8818e+00, -1.9305e+00, -1.3748e+00, -7.2155e-01,
                        -2.9078e-01, -9.0915e-02, -2.4003e-02, -5.0407e-03, -9.7735e-04,
                        -8.0369e-05],
                       [-7.9924e-01, -1.2829e+00, -9.9910e-01, -3.7549e-01, -9.5440e-02,
                        -1.8982e-02, -2.6240e-03, -2.5863e-04, -1.7908e-05, -0.0000e+00,
                        -0.0000e+00],
                       [-3.5715e-02, -6.5858e-02, -1.0184e-01, -1.3102e-01, -1.4066e-01,
                        -1.2670e-01, -9.6175e-02, -6.3272e-02, -3.3875e-02, -1.5679e-02,
                        -6.2848e-03],
                       [-3.5264e-01, -6.5873e-01, -1.0146e+00, -1.2901e+00, -1.3454e+00,
                        -1.1582e+00, -8.0779e-01, -4.7011e-01, -2.2633e-01, -9.2449e-02,
                        -3.1233e-02],
                       [-5.7270e-01, -1.1518e+00, -1.8167e+00, -2.2423e+00, -2.1595e+00,
                        -1.6320e+00, -9.7289e-01, -4.6199e-01, -1.8001e-01, -5.5354e-02,
                        -1.3154e-02],
                       [-5.3295e-01, -1.4437e+00, -2.6854e+00, -3.0589e+00, -2.2375e+00,
                        -1.1699e+00, -4.6741e-01, -1.4545e-01, -3.6870e-02, -7.4412e-03,
                        -9.4198e-04],
                       [-1.2029e-01, -6.6419e-01, -1.8610e+00, -1.7740e+00, -6.7437e-01,
                        -1.6902e-01, -3.1684e-02, -4.6096e-03, -4.7802e-04, -3.3062e-05,
                        -0.0000e+00],
                       [-1.5720e-01, -3.1269e-01, -5.2711e-01, -7.5197e-01, -8.9977e-01,
                        -8.9906e-01, -7.5889e-01, -5.4139e-01, -3.2823e-01, -1.6728e-01,
                        -7.2030e-02],
                       [-6.1447e-01, -1.2697e+00, -2.1876e+00, -3.1301e+00, -3.6717e+00,
                        -3.5741e+00, -2.8680e+00, -1.9030e+00, -1.0547e+00, -4.8969e-01,
                        -1.9287e-01],
                       [-5.4946e-01, -1.3048e+00, -2.4633e+00, -3.6501e+00, -4.1946e+00,
                        -3.7948e+00, -2.6677e+00, -1.4945e+00, -6.7008e-01, -2.4394e-01,
                        -7.2682e-02],
                       [-2.9536e-01, -1.0205e+00, -2.6199e+00, -4.6369e+00, -5.0865e+00,
                        -3.5470e+00, -1.7711e+00, -6.6784e-01, -1.9885e-01, -4.6629e-02,
                        -8.1610e-03],
                       [-3.6337e-02, -2.1387e-01, -1.0578e+00, -2.9929e+00, -2.9519e+00,
                        -1.1089e+00, -2.6642e-01, -4.8591e-02, -6.9761e-03, -5.7936e-04,
                        -2.7000e-05],
                       [-4.8687e-01, -1.0628e+00, -1.9624e+00, -3.0309e+00, -3.9682e+00,
                        -4.3587e+00, -4.0920e+00, -3.2330e+00, -2.1569e+00, -1.2156e+00,
                        -5.8456e-01],
                       [-6.9937e-01, -1.6045e+00, -3.0655e+00, -4.8432e+00, -6.3567e+00,
                        -6.9104e+00, -6.2429e+00, -4.7099e+00, -2.9477e+00, -1.5379e+00,
                        -6.7848e-01],
                       [-3.5611e-01, -1.0003e+00, -2.2169e+00, -3.9076e+00, -5.3812e+00,
                        -5.8024e+00, -4.9097e+00, -3.2687e+00, -1.7265e+00, -7.2846e-01,
                        -2.5227e-01],
                       [-1.2342e-01, -4.9156e-01, -1.5356e+00, -3.6775e+00, -6.2901e+00,
                        -6.7069e+00, -4.4978e+00, -2.1148e+00, -7.6431e-01, -2.1186e-01,
                        -4.6463e-02],
                       [-8.3767e-03, -4.3563e-02, -2.5965e-01, -1.2927e+00, -3.8511e+00,
                        -4.0127e+00, -1.5114e+00, -3.4823e-01, -6.1379e-02, -7.5469e-03,
                        -5.9940e-04],
                       [-3.5743e-01, -8.3658e-01, -1.6542e+00, -2.7167e+00, -3.7688e+00,
                        -4.4062e+00, -4.3701e+00, -3.6661e+00, -2.5946e+00, -1.5503e+00,
                        -7.8918e-01],
                       [-4.4620e-01, -1.1079e+00, -2.3349e+00, -4.0705e+00, -5.9202e+00,
                        -7.1693e+00, -7.1953e+00, -6.0048e+00, -4.1574e+00, -2.3986e+00,
                        -1.1620e+00],
                       [-1.6448e-01, -5.3844e-01, -1.3836e+00, -2.8378e+00, -4.6447e+00,
                        -6.0066e+00, -6.0446e+00, -4.8065e+00, -2.9982e+00, -1.4851e+00,
                        -5.9012e-01],
                       [-3.5459e-02, -1.5860e-01, -5.9776e-01, -1.7916e+00, -4.1827e+00,
                        -6.8806e+00, -7.1075e+00, -4.5648e+00, -2.0660e+00, -6.9436e-01,
                        -1.8174e-01],
                       [1.8593e-03, -8.3271e-04, -3.4205e-02, -2.6481e-01, -1.3538e+00,
                        -4.0478e+00, -4.4160e+00, -1.6960e+00, -3.7889e-01, -6.1094e-02,
                        -7.1524e-03],
                       [-5.2129e-02, -1.3273e-01, -2.8374e-01, -5.0696e-01, -7.7361e-01,
                        -1.0009e+00, -1.0874e+00, -9.9217e-01, -7.6794e-01, -5.0548e-01,
                        -2.7912e-01],
                       [-1.3179e-01, -3.7844e-01, -8.8636e-01, -1.7316e+00, -2.8325e+00,
                        -3.8583e+00, -4.3459e+00, -4.0470e+00, -3.1191e+00, -2.0042e+00,
                        -1.0647e+00],
                       [-6.0970e-02, -2.0942e-01, -5.8789e-01, -1.3896e+00, -2.6922e+00,
                        -4.1680e+00, -5.0071e+00, -4.7490e+00, -3.5178e+00, -2.0591e+00,
                        -9.5769e-01],
                       [-2.5626e-02, -6.2524e-02, -1.9162e-01, -6.2721e-01, -1.7902e+00,
                        -3.8837e+00, -6.0830e+00, -6.0899e+00, -3.7570e+00, -1.5978e+00,
                        -5.0575e-01],
                       [5.2952e-03, 7.6150e-03, 7.0086e-03, -2.4097e-02, -2.3057e-01,
                        -1.1401e+00, -3.4673e+00, -3.9269e+00, -1.5518e+00, -3.2490e-01,
                        -4.9844e-02],
                       [-5.9666e-03, -1.5279e-02, -3.3043e-02, -6.4267e-02, -1.0921e-01,
                        -1.5389e-01, -1.8760e-01, -1.9037e-01, -1.6164e-01, -1.1684e-01,
                        -7.0821e-02],
                       [-4.0702e-02, -1.0321e-01, -2.3583e-01, -4.9885e-01, -9.0223e-01,
                        -1.3786e+00, -1.7466e+00, -1.8302e+00, -1.5898e+00, -1.1398e+00,
                        -6.7239e-01],
                       [-1.2071e-02, -4.8029e-02, -1.5705e-01, -4.4007e-01, -1.0246e+00,
                        -1.8911e+00, -2.7598e+00, -3.1544e+00, -2.8072e+00, -1.9593e+00,
                        -1.0804e+00],
                       [-4.4962e-03, -1.0270e-02, -3.6306e-02, -1.3684e-01, -4.8352e-01,
                        -1.3217e+00, -2.8107e+00, -4.2350e+00, -4.1025e+00, -2.4437e+00,
                        -9.8845e-01],
                       [1.0428e-02, 1.5484e-02, 2.0886e-02, 2.3072e-02, 2.5954e-03,
                        -1.4936e-01, -8.0019e-01, -2.3768e+00, -2.8243e+00, -1.1370e+00,
                        -2.2569e-01],
                       [5.9580e-04, 5.4580e-04, -2.4434e-04, -2.1549e-03, -6.0056e-03,
                        -1.2106e-02, -1.7742e-02, -2.1262e-02, -2.0243e-02, -1.5863e-02,
                        -1.0922e-02],
                       [-9.7330e-03, -2.0008e-02, -4.3537e-02, -9.3725e-02, -1.8984e-01,
                        -3.3759e-01, -5.0225e-01, -6.2508e-01, -6.3625e-01, -5.2891e-01,
                        -3.6571e-01],
                       [-3.7719e-04, -5.1826e-03, -2.7596e-02, -1.0039e-01, -2.8930e-01,
                        -6.5684e-01, -1.1908e+00, -1.7364e+00, -2.0023e+00, -1.8179e+00,
                        -1.3127e+00],
                       [-1.4320e-02, -2.1597e-02, -3.3803e-02, -5.9754e-02, -1.4320e-01,
                        -3.8131e-01, -1.0055e+00, -2.0674e+00, -3.2368e+00, -3.5352e+00,
                        -2.5958e+00],
                       [-3.9490e-03, -5.8666e-03, -8.0469e-03, -1.0345e-02, -1.4075e-02,
                        -3.2832e-02, -1.3639e-01, -5.3132e-01, -1.5987e+00, -2.3668e+00,
                        -1.6582e+00],
                       [6.7607e-06, 9.4559e-06, 1.1271e-05, 1.3041e-05, 7.1413e-07,
                        -2.8089e-05, -6.2108e-05, -8.4221e-05, -9.3551e-05, -8.1417e-05,
                        -6.2267e-05],
                       [2.3544e-04, 3.2861e-04, 3.3704e-04, 1.6423e-04, -5.2099e-04,
                        -1.9258e-03, -3.8242e-03, -5.9967e-03, -7.4569e-03, -7.3913e-03,
                        -6.0402e-03],
                       [-5.7906e-04, -8.7378e-04, -1.3762e-03, -2.2424e-03, -4.4012e-03,
                        -8.9637e-03, -1.7703e-02, -2.9766e-02, -4.1473e-02, -4.6674e-02,
                        -4.1884e-02],
                       [-2.3561e-03, -3.5007e-03, -4.8205e-03, -6.1675e-03, -7.7339e-03,
                        -1.0374e-02, -1.8051e-02, -3.4443e-02, -6.3718e-02, -9.7140e-02,
                        -1.0924e-01],
                       [-1.9155e-03, -2.8456e-03, -3.8960e-03, -4.9162e-03, -5.7219e-03,
                        -6.2163e-03, -6.6869e-03, -8.8684e-03, -1.9015e-02, -4.6676e-02,
                        -7.4175e-02]], dtype=torch.float64)
Dpmodf = torch.tensor([[9.64736e-10, 8.18110e-08, 4.42674e-07, 8.95239e-07, 4.59873e-07,
                        1.40709e-07, 3.97674e-06, 1.23283e-05, 2.01618e-05, 1.13820e-05,
                        1.09665e-06, 1.07020e-05, 1.79476e-05, 2.16050e-05, 1.06645e-05,
                        5.98937e-06, 2.42731e-05, 2.60115e-05, 2.60005e-05, 1.17191e-05,
                        2.36508e-05, 3.67039e-05, 2.71889e-05, 2.34377e-05, 9.49324e-06,
                        2.10430e-05, 3.11410e-05, 2.11106e-05, 1.59628e-05, 5.74573e-06,
                        4.04032e-06, 1.38892e-05, 1.20994e-05, 8.75901e-06, 2.55356e-06,
                        5.53641e-07, 4.49636e-06, 4.90380e-06, 3.38130e-06, 6.94253e-07,
                        2.22349e-08, 1.04605e-06, 1.70215e-06, 1.60234e-06, 4.01385e-07,
                        -5.77462e-11, 1.04019e-09, 3.60539e-08, 7.65873e-08, 5.20887e-08],
                       [8.18110e-08, 7.13271e-06, 3.96647e-05, 8.35669e-05, 4.44217e-05,
                        1.16360e-05, 3.34118e-04, 1.06008e-03, 1.80066e-03, 1.05149e-03,
                        8.80697e-05, 8.62981e-04, 1.45522e-03, 1.75663e-03, 8.63688e-04,
                        4.67481e-04, 1.89314e-03, 2.00906e-03, 1.94453e-03, 8.34129e-04,
                        1.79698e-03, 2.77392e-03, 2.00096e-03, 1.62842e-03, 6.11558e-04,
                        1.56883e-03, 2.28604e-03, 1.48921e-03, 1.05200e-03, 3.53680e-04,
                        2.93637e-04, 9.87791e-04, 8.27373e-04, 5.72457e-04, 1.59231e-04,
                        3.94828e-05, 3.15524e-04, 3.27043e-04, 2.22154e-04, 4.34541e-05,
                        1.26632e-06, 7.29507e-05, 1.12587e-04, 1.14983e-04, 3.17383e-05,
                        -6.38408e-09, -1.79039e-08, 2.63059e-06, 6.05624e-06, 4.20631e-06],
                       [4.42674e-07, 3.96647e-05, 2.26827e-04, 4.97324e-04, 2.73631e-04,
                        6.10194e-05, 1.78542e-03, 5.81084e-03, 1.02363e-02, 6.14712e-03,
                        4.44914e-04, 4.38961e-03, 7.46619e-03, 9.04921e-03, 4.41421e-03,
                        2.26805e-03, 9.19583e-03, 9.67522e-03, 9.05468e-03, 3.68806e-03,
                        8.34058e-03, 1.28064e-02, 8.91781e-03, 6.68958e-03, 2.22141e-03,
                        7.03561e-03, 9.98545e-03, 6.06436e-03, 3.69869e-03, 1.00425e-03,
                        1.24618e-03, 4.00444e-03, 3.04676e-03, 1.75805e-03, 3.21558e-04,
                        1.58356e-04, 1.20944e-03, 1.04934e-03, 5.53795e-04, 3.19814e-06,
                        1.81723e-06, 2.59393e-04, 2.92958e-04, 3.09310e-04, 7.12349e-05,
                        -4.98742e-08, -1.19819e-06, 9.12144e-06, 2.61690e-05, 2.00280e-05],
                       [8.95239e-07, 8.35669e-05, 4.97324e-04, 1.16176e-03, 6.77325e-04,
                        1.18198e-04, 3.54478e-03, 1.19162e-02, 2.20539e-02, 1.37917e-02,
                        8.19128e-04, 8.12006e-03, 1.38138e-02, 1.62909e-02, 7.42941e-03,
                        3.96175e-03, 1.59803e-02, 1.62974e-02, 1.37697e-02, 4.72217e-03,
                        1.37536e-02, 2.08046e-02, 1.34535e-02, 8.44083e-03, 2.05390e-03,
                        1.10830e-02, 1.51062e-02, 8.09017e-03, 3.74836e-03, 6.07932e-04,
                        1.83314e-03, 5.49274e-03, 3.59116e-03, 1.59995e-03, 6.10304e-05,
                        2.19966e-04, 1.58756e-03, 1.02863e-03, 3.80358e-04, -1.71624e-04,
                        -4.25476e-06, 3.27567e-04, 2.07451e-04, 3.49899e-04, 8.32501e-05,
                        -1.18000e-07, -3.72425e-06, 1.30941e-05, 4.68035e-05, 3.76106e-05],
                       [4.59873e-07, 4.44217e-05, 2.73631e-04, 6.77325e-04, 4.17231e-04,
                        5.84039e-05, 1.78719e-03, 6.15863e-03, 1.18294e-02, 7.61535e-03,
                        3.87375e-04, 3.84359e-03, 6.47155e-03, 7.17518e-03, 2.81593e-03,
                        1.79322e-03, 7.16220e-03, 6.98566e-03, 5.06134e-03, 1.25330e-03,
                        5.91884e-03, 8.78361e-03, 5.18968e-03, 2.56786e-03, 3.58194e-04,
                        4.57613e-03, 5.99501e-03, 2.77293e-03, 9.08810e-04, 3.99166e-05,
                        7.13933e-04, 1.99087e-03, 1.10960e-03, 4.09315e-04, -4.28097e-05,
                        8.27642e-05, 5.72606e-04, 2.64898e-04, 7.60767e-05, -1.00817e-04,
                        -4.28263e-06, 1.21243e-04, 3.30649e-05, 1.45430e-04, 3.86867e-05,
                        -6.34447e-08, -2.16118e-06, 5.84720e-06, 2.30545e-05, 1.87169e-05],
                       [1.40709e-07, 1.16360e-05, 6.10194e-05, 1.18198e-04, 5.84039e-05,
                        2.13305e-05, 5.89566e-04, 1.77397e-03, 2.78622e-03, 1.52515e-03,
                        1.73155e-04, 1.66945e-03, 2.75096e-03, 3.24738e-03, 1.59508e-03,
                        9.88662e-04, 3.97663e-03, 4.23240e-03, 4.22297e-03, 1.90176e-03,
                        4.10095e-03, 6.34944e-03, 4.76307e-03, 4.21948e-03, 1.76587e-03,
                        3.78419e-03, 5.71537e-03, 4.04038e-03, 3.30446e-03, 1.31428e-03,
                        7.72268e-04, 2.75486e-03, 2.57298e-03, 2.12082e-03, 7.61057e-04,
                        1.13482e-04, 9.61804e-04, 1.19970e-03, 1.02095e-03, 3.36927e-04,
                        6.67192e-06, 2.51457e-04, 5.16711e-04, 5.82556e-04, 2.11584e-04,
                        4.75919e-09, 1.13323e-06, 1.04002e-05, 1.92171e-05, 1.10804e-05],
                       [3.97674e-06, 3.34118e-04, 1.78542e-03, 3.54478e-03, 1.78719e-03,
                        5.89566e-04, 1.65146e-02, 5.06087e-02, 8.15356e-02, 4.55297e-02,
                        4.67250e-03, 4.53682e-02, 7.55634e-02, 9.04167e-02, 4.47426e-02,
                        2.59977e-02, 1.05018e-01, 1.12191e-01, 1.11929e-01, 5.02493e-02,
                        1.04885e-01, 1.62577e-01, 1.21022e-01, 1.05274e-01, 4.30029e-02,
                        9.48454e-02, 1.41637e-01, 9.78388e-02, 7.67125e-02, 2.90238e-02,
                        1.87277e-02, 6.55096e-02, 5.90372e-02, 4.58355e-02, 1.51923e-02,
                        2.65340e-03, 2.20056e-02, 2.57397e-02, 2.00614e-02, 5.62269e-03,
                        1.30569e-04, 5.43464e-03, 1.00646e-02, 1.05399e-02, 3.34492e-03,
                        -8.75393e-08, 1.53562e-05, 2.06214e-04, 4.03214e-04, 2.50822e-04],
                       [1.23283e-05, 1.06008e-03, 5.81084e-03, 1.19162e-02, 6.15863e-03,
                        1.77397e-03, 5.06087e-02, 1.59062e-01, 2.65438e-01, 1.52246e-01,
                        1.35847e-02, 1.33084e-01, 2.24752e-01, 2.73919e-01, 1.37286e-01,
                        7.27970e-02, 2.95419e-01, 3.16126e-01, 3.13028e-01, 1.38463e-01,
                        2.82000e-01, 4.36797e-01, 3.19116e-01, 2.65664e-01, 1.01907e-01,
                        2.47369e-01, 3.62112e-01, 2.38870e-01, 1.70652e-01, 5.72077e-02,
                        4.64700e-02, 1.57040e-01, 1.32137e-01, 9.02583e-02, 2.41437e-02,
                        6.23526e-03, 4.98231e-02, 5.15449e-02, 3.36232e-02, 5.81017e-03,
                        2.08005e-04, 1.13381e-02, 1.71788e-02, 1.65929e-02, 4.25458e-03,
                        -9.62165e-07, -2.36838e-06, 3.91948e-04, 8.98259e-04, 6.30532e-04],
                       [2.01618e-05, 1.80066e-03, 1.02363e-02, 2.20539e-02, 1.18294e-02,
                        2.78622e-03, 8.15356e-02, 2.65438e-01, 4.66984e-01, 2.79909e-01,
                        2.03036e-02, 2.00759e-01, 3.43653e-01, 4.24536e-01, 2.13561e-01,
                        1.03074e-01, 4.19023e-01, 4.43575e-01, 4.19722e-01, 1.71656e-01,
                        3.76793e-01, 5.79265e-01, 4.03136e-01, 2.97359e-01, 9.32343e-02,
                        3.15968e-01, 4.46248e-01, 2.67228e-01, 1.53362e-01, 3.60265e-02,
                        5.52262e-02, 1.75494e-01, 1.29166e-01, 6.76050e-02, 8.92194e-03,
                        6.88439e-03, 5.17347e-02, 4.18934e-02, 1.89491e-02, -2.09317e-03,
                        4.60262e-05, 1.07198e-02, 1.04960e-02, 1.12331e-02, 2.41740e-03,
                        -2.41626e-06, -6.42953e-05, 3.69441e-04, 1.13686e-03, 8.91741e-04],
                       [1.13820e-05, 1.05149e-03, 6.14712e-03, 1.37917e-02, 7.61535e-03,
                        1.52515e-03, 4.55297e-02, 1.52246e-01, 2.79909e-01, 1.74755e-01,
                        1.06724e-02, 1.06038e-01, 1.82386e-01, 2.24171e-01, 1.10301e-01,
                        5.18564e-02, 2.10215e-01, 2.17705e-01, 1.89562e-01, 6.50135e-02,
                        1.80816e-01, 2.74689e-01, 1.79610e-01, 1.10898e-01, 2.30642e-02,
                        1.45907e-01, 1.98836e-01, 1.06345e-01, 4.52328e-02, 4.83299e-03,
                        2.40362e-02, 7.17652e-02, 4.55603e-02, 1.77109e-02, -3.55564e-04,
                        2.84202e-03, 2.02148e-02, 1.22883e-02, 3.67360e-03, -2.45465e-03,
                        -5.50690e-05, 4.03746e-03, 2.16218e-03, 4.04475e-03, 9.93285e-04,
                        -1.51632e-06, -4.87260e-05, 1.59079e-04, 5.87577e-04, 4.75110e-04],
                       [1.09665e-06, 8.80697e-05, 4.44914e-04, 8.19128e-04, 3.87375e-04,
                        1.73155e-04, 4.67250e-03, 1.35847e-02, 2.03036e-02, 1.06724e-02,
                        1.46777e-03, 1.39628e-02, 2.25515e-02, 2.59499e-02, 1.25430e-02,
                        8.75576e-03, 3.49214e-02, 3.68331e-02, 3.66351e-02, 1.66014e-02,
                        3.80127e-02, 5.86511e-02, 4.43360e-02, 4.00190e-02, 1.71568e-02,
                        3.62093e-02, 5.55527e-02, 4.04291e-02, 3.46398e-02, 1.43731e-02,
                        7.76970e-03, 2.84639e-02, 2.78079e-02, 2.46267e-02, 9.72364e-03,
                        1.20532e-03, 1.05107e-02, 1.41774e-02, 1.33434e-02, 5.11000e-03,
                        8.66310e-05, 2.97341e-03, 6.86462e-03, 8.43377e-03, 3.44897e-03,
                        1.74752e-07, 1.93945e-05, 1.38150e-04, 2.45106e-04, 1.30386e-04],
                       [1.07020e-05, 8.62981e-04, 4.38961e-03, 8.12006e-03, 3.84359e-03,
                        1.66945e-03, 4.53682e-02, 1.33084e-01, 2.00759e-01, 1.06038e-01,
                        1.39628e-02, 1.33660e-01, 2.17881e-01, 2.53897e-01, 1.23879e-01,
                        8.20186e-02, 3.28870e-01, 3.49865e-01, 3.51959e-01, 1.60974e-01,
                        3.49611e-01, 5.41570e-01, 4.10990e-01, 3.72829e-01, 1.60452e-01,
                        3.28567e-01, 5.01726e-01, 3.62966e-01, 3.07889e-01, 1.26434e-01,
                        6.88591e-02, 2.49676e-01, 2.39779e-01, 2.05961e-01, 7.80295e-02,
                        1.03773e-02, 8.92747e-02, 1.16038e-01, 1.03091e-01, 3.62649e-02,
                        6.81502e-04, 2.40266e-02, 5.19659e-02, 5.93856e-02, 2.20745e-02,
                        9.79696e-07, 1.31729e-04, 1.02087e-03, 1.80215e-03, 9.90026e-04],
                       [1.79476e-05, 1.45522e-03, 7.46619e-03, 1.38138e-02, 6.47155e-03,
                        2.75096e-03, 7.55634e-02, 2.24752e-01, 3.43653e-01, 1.82386e-01,
                        2.25515e-02, 2.17881e-01, 3.60600e-01, 4.30798e-01, 2.15280e-01,
                        1.29317e-01, 5.22528e-01, 5.63048e-01, 5.77453e-01, 2.69005e-01,
                        5.35803e-01, 8.34160e-01, 6.34799e-01, 5.75889e-01, 2.46399e-01,
                        4.93006e-01, 7.45849e-01, 5.31244e-01, 4.35791e-01, 1.71330e-01,
                        9.95158e-02, 3.54021e-01, 3.28055e-01, 2.62521e-01, 8.97238e-02,
                        1.43209e-02, 1.20192e-01, 1.45409e-01, 1.14663e-01, 3.28302e-02,
                        7.92490e-04, 2.98435e-02, 5.69822e-02, 5.71296e-02, 1.73027e-02,
                        1.59577e-07, 1.08444e-04, 1.09947e-03, 2.00626e-03, 1.20547e-03],
                       [2.16050e-05, 1.75663e-03, 9.04921e-03, 1.62909e-02, 7.17518e-03,
                        3.24738e-03, 9.04167e-02, 2.73919e-01, 4.24536e-01, 2.24171e-01,
                        2.59499e-02, 2.53897e-01, 4.30798e-01, 5.42066e-01, 2.88467e-01,
                        1.43772e-01, 5.87184e-01, 6.45051e-01, 6.84736e-01, 3.30527e-01,
                        5.72121e-01, 8.95433e-01, 6.79922e-01, 6.03474e-01, 2.44416e-01,
                        5.10268e-01, 7.58040e-01, 5.19434e-01, 3.82489e-01, 1.25810e-01,
                        9.72667e-02, 3.33877e-01, 2.85650e-01, 1.89053e-01, 4.54765e-02,
                        1.30338e-02, 1.04429e-01, 1.08659e-01, 6.42997e-02, 8.06728e-03,
                        5.03527e-04, 2.29208e-02, 3.38618e-02, 2.79689e-02, 5.83346e-03,
                        -1.58441e-06, 7.00390e-06, 7.08352e-04, 1.56769e-03, 1.12073e-03],
                       [1.06645e-05, 8.63688e-04, 4.41421e-03, 7.42941e-03, 2.81593e-03,
                        1.59508e-03, 4.47426e-02, 1.37286e-01, 2.13561e-01, 1.10301e-01,
                        1.25430e-02, 1.23879e-01, 2.15280e-01, 2.88467e-01, 1.67864e-01,
                        6.76834e-02, 2.78891e-01, 3.11670e-01, 3.41376e-01, 1.68932e-01,
                        2.61340e-01, 4.10160e-01, 3.08997e-01, 2.59396e-01, 8.92663e-02,
                        2.27406e-01, 3.31534e-01, 2.16452e-01, 1.33488e-01, 2.87410e-02,
                        4.13037e-02, 1.36703e-01, 1.06088e-01, 5.29838e-02, 5.30280e-03,
                        5.19684e-03, 3.96722e-02, 3.44209e-02, 1.34540e-02, -1.60611e-03,
                        1.24999e-04, 7.84243e-03, 8.34798e-03, 6.49950e-03, 1.18076e-03,
                        -1.22768e-06, -2.49852e-05, 2.24083e-04, 6.36787e-04, 5.01234e-04],
                       [5.98937e-06, 4.67481e-04, 2.26805e-03, 3.96175e-03, 1.79322e-03,
                        9.88662e-04, 2.59977e-02, 7.27970e-02, 1.03074e-01, 5.18564e-02,
                        8.75576e-03, 8.20186e-02, 1.29317e-01, 1.43772e-01, 6.76834e-02,
                        5.45412e-02, 2.15297e-01, 2.23906e-01, 2.19652e-01, 9.88081e-02,
                        2.47344e-01, 3.79550e-01, 2.87217e-01, 2.61291e-01, 1.13576e-01,
                        2.42568e-01, 3.76717e-01, 2.79595e-01, 2.47196e-01, 1.05802e-01,
                        5.44398e-02, 2.03569e-01, 2.05454e-01, 1.90872e-01, 7.93816e-02,
                        8.85212e-03, 7.89036e-02, 1.12444e-01, 1.13053e-01, 4.69371e-02,
                        7.27278e-04, 2.38073e-02, 5.93743e-02, 7.77442e-02, 3.43481e-02,
                        2.01424e-06, 1.88626e-04, 1.21350e-03, 2.14022e-03, 1.09172e-03],
                       [2.42731e-05, 1.89314e-03, 9.19583e-03, 1.59803e-02, 7.16220e-03,
                        3.97663e-03, 1.05018e-01, 2.95419e-01, 4.19023e-01, 2.10215e-01,
                        3.49214e-02, 3.28870e-01, 5.22528e-01, 5.87184e-01, 2.78891e-01,
                        2.15297e-01, 8.54136e-01, 8.96249e-01, 8.90481e-01, 4.05031e-01,
                        9.63739e-01, 1.48522e+00, 1.13150e+00, 1.03955e+00, 4.55619e-01,
                        9.36203e-01, 1.45120e+00, 1.07719e+00, 9.53135e-01, 4.08334e-01,
                        2.06589e-01, 7.68209e-01, 7.69133e-01, 7.05247e-01, 2.88783e-01,
                        3.28923e-02, 2.90797e-01, 4.05898e-01, 3.95208e-01, 1.57459e-01,
                        2.56983e-03, 8.46409e-02, 2.03102e-01, 2.53188e-01, 1.05542e-01,
                        6.37130e-06, 6.16860e-04, 4.04337e-03, 6.98746e-03, 3.57955e-03],
                       [2.60115e-05, 2.00906e-03, 9.67522e-03, 1.62974e-02, 6.98566e-03,
                        4.23240e-03, 1.12191e-01, 3.16126e-01, 4.43575e-01, 2.17705e-01,
                        3.68331e-02, 3.49865e-01, 5.63048e-01, 6.45051e-01, 3.11670e-01,
                        2.23906e-01, 8.96249e-01, 9.56881e-01, 9.78202e-01, 4.57701e-01,
                        9.82092e-01, 1.52577e+00, 1.17899e+00, 1.10776e+00, 4.95908e-01,
                        9.39236e-01, 1.45174e+00, 1.07883e+00, 9.54201e-01, 4.07064e-01,
                        2.01149e-01, 7.40291e-01, 7.28772e-01, 6.45153e-01, 2.51442e-01,
                        3.07727e-02, 2.67543e-01, 3.56981e-01, 3.20440e-01, 1.13482e-01,
                        2.17028e-03, 7.22850e-02, 1.58810e-01, 1.74969e-01, 6.19803e-02,
                        3.99015e-06, 4.31529e-04, 2.98408e-03, 4.95961e-03, 2.61425e-03],
                       [2.60005e-05, 1.94453e-03, 9.05468e-03, 1.37697e-02, 5.06134e-03,
                        4.22297e-03, 1.11929e-01, 3.13028e-01, 4.19722e-01, 1.89562e-01,
                        3.66351e-02, 3.51959e-01, 5.77453e-01, 6.84736e-01, 3.41376e-01,
                        2.19652e-01, 8.90481e-01, 9.78202e-01, 1.05942e+00, 5.30962e-01,
                        9.40195e-01, 1.47758e+00, 1.16744e+00, 1.13864e+00, 5.28593e-01,
                        8.81668e-01, 1.35648e+00, 1.00624e+00, 8.70104e-01, 3.51782e-01,
                        1.81219e-01, 6.55715e-01, 6.22434e-01, 4.97248e-01, 1.61536e-01,
                        2.61601e-02, 2.20885e-01, 2.69992e-01, 1.99009e-01, 4.84352e-02,
                        1.55688e-03, 5.31258e-02, 9.89703e-02, 8.54950e-02, 2.08376e-02,
                        9.56047e-07, 2.07545e-04, 1.74074e-03, 2.93442e-03, 1.77564e-03],
                       [1.17191e-05, 8.34129e-04, 3.68806e-03, 4.72217e-03, 1.25330e-03,
                        1.90176e-03, 5.02493e-02, 1.38463e-01, 1.71656e-01, 6.50135e-02,
                        1.66014e-02, 1.60974e-01, 2.69005e-01, 3.30527e-01, 1.68932e-01,
                        9.88081e-02, 4.05031e-01, 4.57701e-01, 5.30962e-01, 2.92441e-01,
                        4.15403e-01, 6.59354e-01, 5.31902e-01, 5.36536e-01, 2.55718e-01,
                        3.83745e-01, 5.87552e-01, 4.33100e-01, 3.53527e-01, 1.21359e-01,
                        7.61624e-02, 2.70947e-01, 2.45356e-01, 1.65180e-01, 3.45277e-02,
                        1.04491e-02, 8.54859e-02, 9.38886e-02, 5.10271e-02, 3.86939e-03,
                        5.18934e-04, 1.83882e-02, 2.80883e-02, 1.80927e-02, 2.62747e-03,
                        -5.17853e-07, 3.47365e-05, 4.88935e-04, 9.46257e-04, 6.79335e-04],
                       [2.36508e-05, 1.79698e-03, 8.34058e-03, 1.37536e-02, 5.91884e-03,
                        4.10095e-03, 1.04885e-01, 2.82000e-01, 3.76793e-01, 1.80816e-01,
                        3.80127e-02, 3.49611e-01, 5.35803e-01, 5.72121e-01, 2.61340e-01,
                        2.47344e-01, 9.63739e-01, 9.82092e-01, 9.40195e-01, 4.15403e-01,
                        1.17185e+00, 1.78326e+00, 1.33993e+00, 1.21054e+00, 5.24704e-01,
                        1.18222e+00, 1.85262e+00, 1.38943e+00, 1.24657e+00, 5.40802e-01,
                        2.77100e-01, 1.05324e+00, 1.08834e+00, 1.04526e+00, 4.50405e-01,
                        4.71602e-02, 4.28091e-01, 6.37039e-01, 6.75039e-01, 2.96989e-01,
                        4.30239e-03, 1.37487e-01, 3.65131e-01, 5.08060e-01, 2.39614e-01,
                        1.42403e-05, 1.24889e-03, 7.68299e-03, 1.37953e-02, 6.95208e-03],
                       [3.67039e-05, 2.77392e-03, 1.28064e-02, 2.08046e-02, 8.78361e-03,
                        6.34944e-03, 1.62577e-01, 4.36797e-01, 5.79265e-01, 2.74689e-01,
                        5.86511e-02, 5.41570e-01, 8.34160e-01, 8.95433e-01, 4.10160e-01,
                        3.79550e-01, 1.48522e+00, 1.52577e+00, 1.47758e+00, 6.59354e-01,
                        1.78326e+00, 2.72510e+00, 2.06440e+00, 1.88901e+00, 8.28727e-01,
                        1.78780e+00, 2.80186e+00, 2.10987e+00, 1.90770e+00, 8.34007e-01,
                        4.14165e-01, 1.57045e+00, 1.61940e+00, 1.55141e+00, 6.66538e-01,
                        6.94277e-02, 6.27332e-01, 9.23305e-01, 9.61921e-01, 4.15227e-01,
                        6.15065e-03, 1.96197e-01, 5.08599e-01, 6.83642e-01, 3.10319e-01,
                        1.93697e-05, 1.70081e-03, 1.04417e-02, 1.82956e-02, 9.11785e-03],
                       [2.71889e-05, 2.00096e-03, 8.91781e-03, 1.34535e-02, 5.18968e-03,
                        4.76307e-03, 1.21022e-01, 3.19116e-01, 4.03136e-01, 1.79610e-01,
                        4.43360e-02, 4.10990e-01, 6.34799e-01, 6.79922e-01, 3.08997e-01,
                        2.87217e-01, 1.13150e+00, 1.17899e+00, 1.16744e+00, 5.31902e-01,
                        1.33993e+00, 2.06440e+00, 1.59371e+00, 1.50536e+00, 6.81868e-01,
                        1.33385e+00, 2.09667e+00, 1.60007e+00, 1.48179e+00, 6.63209e-01,
                        3.03821e-01, 1.15018e+00, 1.18653e+00, 1.13550e+00, 4.85680e-01,
                        4.96063e-02, 4.44911e-01, 6.42435e-01, 6.43422e-01, 2.63515e-01,
                        4.17981e-03, 1.31710e-01, 3.23857e-01, 3.97388e-01, 1.61387e-01,
                        1.19157e-05, 1.03431e-03, 6.24042e-03, 1.02206e-02, 4.94927e-03],
                       [2.34377e-05, 1.62842e-03, 6.68958e-03, 8.44083e-03, 2.56786e-03,
                        4.21948e-03, 1.05274e-01, 2.65664e-01, 2.97359e-01, 1.10898e-01,
                        4.00190e-02, 3.72829e-01, 5.75889e-01, 6.03474e-01, 2.59396e-01,
                        2.61291e-01, 1.03955e+00, 1.10776e+00, 1.13864e+00, 5.36536e-01,
                        1.21054e+00, 1.88901e+00, 1.50536e+00, 1.51258e+00, 7.37590e-01,
                        1.19496e+00, 1.88905e+00, 1.47421e+00, 1.42187e+00, 6.62183e-01,
                        2.65980e-01, 1.00463e+00, 1.03492e+00, 9.69776e-01, 3.93140e-01,
                        4.17258e-02, 3.69421e-01, 5.13526e-01, 4.62331e-01, 1.57293e-01,
                        3.24449e-03, 9.97173e-02, 2.21546e-01, 2.21768e-01, 6.74304e-02,
                        7.61609e-06, 6.52092e-04, 3.81264e-03, 5.57799e-03, 2.72753e-03],
                       [9.49324e-06, 6.11558e-04, 2.22141e-03, 2.05390e-03, 3.58194e-04,
                        1.76587e-03, 4.30029e-02, 1.01907e-01, 9.32343e-02, 2.30642e-02,
                        1.71568e-02, 1.60452e-01, 2.46399e-01, 2.44416e-01, 8.92663e-02,
                        1.13576e-01, 4.55619e-01, 4.95908e-01, 5.28593e-01, 2.55718e-01,
                        5.24704e-01, 8.28727e-01, 6.81868e-01, 7.37590e-01, 3.97980e-01,
                        5.15327e-01, 8.19899e-01, 6.54333e-01, 6.56324e-01, 3.14962e-01,
                        1.12698e-01, 4.24871e-01, 4.35992e-01, 3.87375e-01, 1.33370e-01,
                        1.70683e-02, 1.49129e-01, 1.97885e-01, 1.49404e-01, 3.22937e-02,
                        1.22962e-03, 3.67214e-02, 7.24077e-02, 5.38175e-02, 9.24039e-03,
                        2.26062e-06, 1.95745e-04, 1.10796e-03, 1.49630e-03, 8.38085e-04],
                       [2.10430e-05, 1.56883e-03, 7.03561e-03, 1.10830e-02, 4.57613e-03,
                        3.78419e-03, 9.48454e-02, 2.47369e-01, 3.15968e-01, 1.45907e-01,
                        3.62093e-02, 3.28567e-01, 4.93006e-01, 5.10268e-01, 2.27406e-01,
                        2.42568e-01, 9.36203e-01, 9.39236e-01, 8.81668e-01, 3.83745e-01,
                        1.18222e+00, 1.78780e+00, 1.33385e+00, 1.19496e+00, 5.15327e-01,
                        1.21396e+00, 1.91117e+00, 1.43868e+00, 1.29608e+00, 5.64161e-01,
                        2.92178e-01, 1.12026e+00, 1.17101e+00, 1.14130e+00, 4.98796e-01,
                        5.10946e-02, 4.68350e-01, 7.12529e-01, 7.74793e-01, 3.50019e-01,
                        4.92186e-03, 1.55905e-01, 4.27623e-01, 6.14839e-01, 2.99809e-01,
                        1.75918e-05, 1.51191e-03, 9.17218e-03, 1.67190e-02, 8.43153e-03],
                       [3.11410e-05, 2.28604e-03, 9.98545e-03, 1.51062e-02, 5.99501e-03,
                        5.71537e-03, 1.41637e-01, 3.62112e-01, 4.46248e-01, 1.98836e-01,
                        5.55527e-02, 5.01726e-01, 7.45849e-01, 7.58040e-01, 3.31534e-01,
                        3.76717e-01, 1.45120e+00, 1.45174e+00, 1.35648e+00, 5.87552e-01,
                        1.85262e+00, 2.80186e+00, 2.09667e+00, 1.88905e+00, 8.19899e-01,
                        1.91117e+00, 3.01774e+00, 2.28610e+00, 2.08267e+00, 9.16855e-01,
                        4.62286e-01, 1.77829e+00, 1.87001e+00, 1.84055e+00, 8.12827e-01,
                        8.10450e-02, 7.44417e-01, 1.13765e+00, 1.24163e+00, 5.62886e-01,
                        7.85771e-03, 2.47251e-01, 6.77358e-01, 9.64844e-01, 4.65031e-01,
                        2.82423e-05, 2.39596e-03, 1.43699e-02, 2.58247e-02, 1.28501e-02],
                       [2.11106e-05, 1.48921e-03, 6.06436e-03, 8.09017e-03, 2.77293e-03,
                        4.04038e-03, 9.78388e-02, 2.38870e-01, 2.67228e-01, 1.06345e-01,
                        4.04291e-02, 3.62966e-01, 5.31244e-01, 5.19434e-01, 2.16452e-01,
                        2.79595e-01, 1.07719e+00, 1.07883e+00, 1.00624e+00, 4.33100e-01,
                        1.38943e+00, 2.10987e+00, 1.60007e+00, 1.47421e+00, 6.54333e-01,
                        1.43868e+00, 2.28610e+00, 1.76130e+00, 1.65481e+00, 7.51568e-01,
                        3.48035e-01, 1.34552e+00, 1.43132e+00, 1.43834e+00, 6.49579e-01,
                        6.05687e-02, 5.56840e-01, 8.52415e-01, 9.26873e-01, 4.17743e-01,
                        5.82093e-03, 1.80208e-01, 4.83462e-01, 6.55873e-01, 2.97797e-01,
                        2.04954e-05, 1.68461e-03, 9.80019e-03, 1.66510e-02, 7.90955e-03],
                       [1.59628e-05, 1.05200e-03, 3.69869e-03, 3.74836e-03, 9.08810e-04,
                        3.30446e-03, 7.67125e-02, 1.70652e-01, 1.53362e-01, 4.52328e-02,
                        3.46398e-02, 3.07889e-01, 4.35791e-01, 3.82489e-01, 1.33488e-01,
                        2.47196e-01, 9.53135e-01, 9.54201e-01, 8.70104e-01, 3.53527e-01,
                        1.24657e+00, 1.90770e+00, 1.48179e+00, 1.42187e+00, 6.56324e-01,
                        1.29608e+00, 2.08267e+00, 1.65481e+00, 1.65845e+00, 8.12160e-01,
                        3.12672e-01, 1.21862e+00, 1.32365e+00, 1.38309e+00, 6.50219e-01,
                        5.35028e-02, 4.92046e-01, 7.52597e-01, 7.99077e-01, 3.41290e-01,
                        5.01762e-03, 1.50569e-01, 3.83836e-01, 4.57964e-01, 1.72923e-01,
                        1.68418e-05, 1.29096e-03, 7.02757e-03, 1.04194e-02, 4.48724e-03],
                       [5.74573e-06, 3.53680e-04, 1.00425e-03, 6.07932e-04, 3.99166e-05,
                        1.31428e-03, 2.90238e-02, 5.72077e-02, 3.60265e-02, 4.83299e-03,
                        1.43731e-02, 1.26434e-01, 1.71330e-01, 1.25810e-01, 2.87410e-02,
                        1.05802e-01, 4.08334e-01, 4.07064e-01, 3.51782e-01, 1.21359e-01,
                        5.40802e-01, 8.34007e-01, 6.63209e-01, 6.62183e-01, 3.14962e-01,
                        5.64161e-01, 9.16855e-01, 7.51568e-01, 8.12160e-01, 4.39375e-01,
                        1.35739e-01, 5.32964e-01, 5.91038e-01, 6.41158e-01, 3.10824e-01,
                        2.28089e-02, 2.09697e-01, 3.19205e-01, 3.20858e-01, 1.16926e-01,
                        2.08139e-03, 6.03053e-02, 1.43950e-01, 1.40615e-01, 3.57121e-02,
                        6.66616e-06, 4.65468e-04, 2.32460e-03, 2.85065e-03, 1.13264e-03],
                       [4.04032e-06, 2.93637e-04, 1.24618e-03, 1.83314e-03, 7.13933e-04,
                        7.72268e-04, 1.87277e-02, 4.64700e-02, 5.52262e-02, 2.40362e-02,
                        7.76970e-03, 6.88591e-02, 9.95158e-02, 9.72667e-02, 4.13037e-02,
                        5.44398e-02, 2.06589e-01, 2.01149e-01, 1.81219e-01, 7.61624e-02,
                        2.77100e-01, 4.14165e-01, 3.03821e-01, 2.65980e-01, 1.12698e-01,
                        2.92178e-01, 4.62286e-01, 3.48035e-01, 3.12672e-01, 1.35739e-01,
                        7.31520e-02, 2.83545e-01, 3.00215e-01, 2.96898e-01, 1.31445e-01,
                        1.33165e-02, 1.23635e-01, 1.93443e-01, 2.17240e-01, 1.01152e-01,
                        1.37721e-03, 4.33705e-02, 1.24150e-01, 1.86953e-01, 9.53694e-02,
                        5.38281e-06, 4.56463e-04, 2.74866e-03, 5.15144e-03, 2.62503e-03],
                       [1.38892e-05, 9.87791e-04, 4.00444e-03, 5.49274e-03, 1.99087e-03,
                        2.75486e-03, 6.55096e-02, 1.57040e-01, 1.75494e-01, 7.17652e-02,
                        2.84639e-02, 2.49676e-01, 3.54021e-01, 3.33877e-01, 1.36703e-01,
                        2.03569e-01, 7.68209e-01, 7.40291e-01, 6.55715e-01, 2.70947e-01,
                        1.05324e+00, 1.57045e+00, 1.15018e+00, 1.00463e+00, 4.24871e-01,
                        1.12026e+00, 1.77829e+00, 1.34552e+00, 1.21862e+00, 5.32964e-01,
                        2.83545e-01, 1.10399e+00, 1.17731e+00, 1.17796e+00, 5.28182e-01,
                        5.20571e-02, 4.85124e-01, 7.65256e-01, 8.67763e-01, 4.08309e-01,
                        5.46460e-03, 1.71170e-01, 4.92390e-01, 7.40901e-01, 3.76706e-01,
                        2.16754e-05, 1.81819e-03, 1.08469e-02, 2.01594e-02, 1.01585e-02],
                       [1.20994e-05, 8.27373e-04, 3.04676e-03, 3.59116e-03, 1.10960e-03,
                        2.57298e-03, 5.90372e-02, 1.32137e-01, 1.29166e-01, 4.55603e-02,
                        2.78079e-02, 2.39779e-01, 3.28055e-01, 2.85650e-01, 1.06088e-01,
                        2.05454e-01, 7.69133e-01, 7.28772e-01, 6.22434e-01, 2.45356e-01,
                        1.08834e+00, 1.61940e+00, 1.18653e+00, 1.03492e+00, 4.35992e-01,
                        1.17101e+00, 1.87001e+00, 1.43132e+00, 1.32365e+00, 5.91038e-01,
